rap=1;
Tpv=273.15+25;
Irr=1000;
alpharange=0.01: 0.01 : 1;